0.0011999,0.050294,0.012135,0.0018317,1.1668,0.050294,0.026371,0.01559,0.07417,0.012135,0.0056637,0.0044235,0.0038675,-0.0038071,-0.00040344,0.41423,0.40607,1.0097,1.11,2000.4
0.027568,0.0011999,0.0064892,0.0010994,1.4335,0.0011999,0.050294,0.026371,0.01559,0.0064892,0.012135,0.0018317,0.0044235,0,-0.0038071,0.43729,0.41423,1.1668,1.0097,2000.5
0.19166,0.027568,0.027836,0.0011577,1.2141,0.027568,0.0011999,0.050294,0.026371,0.027836,0.0064892,0.0010994,0.0018317,-0.0028225,0,0.426,0.43729,1.4335,1.1668,2000.6
0.15618,0.19166,0.032077,0.0027961,0.83539,0.19166,0.027568,0.0011999,0.050294,0.032077,0.027836,0.0011577,0.0010994,-0.010335,-0.0028225,0.42086,0.426,1.2141,1.4335,2000.7
0.027568,0.15618,0.029088,0.002821,0.80886,0.15618,0.19166,0.027568,0.0011999,0.029088,0.032077,0.0027961,0.0011577,-0.0038638,-0.010335,0.42453,0.42086,0.83539,1.2141,2000.8
0.016788,0.027568,0.014291,0.0028293,0.93771,0.027568,0.15618,0.19166,0.027568,0.014291,0.029088,0.002821,0.0027961,0,-0.0038638,0.44113,0.42453,0.80886,0.83539,2000.8
0.038339,0.016788,0.032949,0.0028875,0.68752,0.016788,0.027568,0.15618,0.19166,0.032949,0.014291,0.0028293,0.002821,0,0,0.45117,0.44113,0.93771,0.80886,2000.9
0.070592,0.038339,0.021768,0.0029955,0.86571,0.038339,0.016788,0.027568,0.15618,0.021768,0.032949,0.0028875,0.0028293,0,0,0.47269,0.45117,0.68752,0.93771,2001
0.068206,0.070592,0.062949,0.0020812,0.74251,0.070592,0.038339,0.016788,0.027568,0.062949,0.021768,0.0029955,0.0028875,-0.0022945,0,0.47047,0.47269,0.86571,0.68752,2001.1
0.055073,0.068206,0.035655,0.001998,0.69511,0.068206,0.070592,0.038339,0.016788,0.035655,0.062949,0.0020812,0.0029955,-0.0061185,-0.0022945,0.47271,0.47047,0.74251,0.86571,2001.2
0.045514,0.055073,0.043108,0.0026216,0.65528,0.055073,0.068206,0.070592,0.038339,0.043108,0.035655,0.001998,0.0020812,-0.0023746,-0.0061185,0.48933,0.47271,0.69511,0.74251,2001.3
0.069399,0.045514,0.026147,0.004324,0.81265,0.045514,0.055073,0.068206,0.070592,0.026147,0.043108,0.0026216,0.001998,0.001396,-0.0023746,0.51528,0.48933,0.65528,0.69511,2001.3
0.049099,0.069399,0.019915,0.0082162,1.2898,0.069399,0.045514,0.055073,0.068206,0.019915,0.026147,0.004324,0.0026216,0.0046594,0.001396,0.54578,0.51528,0.81265,0.65528,2001.4
0.062238,0.049099,0.024825,0.010445,1.4221,0.049099,0.069399,0.045514,0.055073,0.024825,0.019915,0.0082162,0.004324,0.003693,0.0046594,0.5726,0.54578,1.2898,0.81265,2001.5
0.15855,0.062238,0.0095615,0.011772,1.2955,0.062238,0.049099,0.069399,0.045514,0.0095615,0.024825,0.010445,0.0082162,0.0074392,0.003693,0.58738,0.5726,1.4221,1.2898,2001.6
0.083707,0.15855,0.0043248,0.014659,1.0854,0.15855,0.062238,0.049099,0.069399,0.0043248,0.0095615,0.011772,0.010445,0.011162,0.0074392,0.60504,0.58738,1.2955,1.4221,2001.7
0.033553,0.083707,0.0017463,0.016119,1.5355,0.083707,0.15855,0.062238,0.049099,0.0017463,0.0043248,0.014659,0.011772,0.0036706,0.011162,0.61562,0.60504,1.0854,1.2955,2001.8
0.099189,0.033553,-0.020359,0.017381,1.1876,0.033553,0.083707,0.15855,0.062238,-0.020359,0.0017463,0.016119,0.014659,0,0.0036706,0.66261,0.61562,1.5355,1.0854,2001.8
0.084899,0.099189,-0.046362,0.017168,1.199,0.099189,0.033553,0.083707,0.15855,-0.046362,-0.020359,0.017381,0.016119,0,0,0.66456,0.66261,1.1876,1.5355,2001.9
0.077748,0.084899,-0.037573,0.012916,1.3427,0.084899,0.099189,0.033553,0.083707,-0.037573,-0.046362,0.017168,0.017381,0,0,0.60785,0.66456,1.199,1.1876,2002
0.062238,0.077748,-0.037405,0.012464,0.85813,0.077748,0.084899,0.099189,0.033553,-0.037405,-0.037573,0.012916,0.017168,0,0,0.56153,0.60785,1.3427,1.199,2002.1
0.043122,0.062238,-0.015655,0.012587,0.91498,0.062238,0.077748,0.084899,0.099189,-0.015655,-0.037405,0.012464,0.012916,0,0,0.58418,0.56153,0.85813,1.3427,2002.2
0.071785,0.043122,-0.00062677,0.013336,0.85434,0.043122,0.062238,0.077748,0.084899,-0.00062677,-0.015655,0.012587,0.012464,-0.00059682,0,0.59783,0.58418,0.91498,0.85813,2002.3
0.095618,0.071785,0.008523,0.015447,0.90361,0.071785,0.043122,0.062238,0.077748,0.008523,-0.00062677,0.013336,0.012587,-0.002256,-0.00059682,0.57393,0.59783,0.85434,0.91498,2002.3
0.025174,0.095618,-0.0061931,0.014453,0.82402,0.095618,0.071785,0.043122,0.062238,-0.0061931,0.008523,0.015447,0.013336,-0.0013577,-0.002256,0.57029,0.57393,0.90361,0.85434,2002.4
0.050294,0.025174,-0.02187,0.010099,1.0021,0.025174,0.095618,0.071785,0.043122,-0.02187,-0.0061931,0.014453,0.015447,0,-0.0013577,0.61559,0.57029,0.82402,0.90361,2002.5
0.14196,0.050294,-0.013173,0.01234,1.129,0.050294,0.025174,0.095618,0.071785,-0.013173,-0.02187,0.010099,0.014453,0,0,0.67142,0.61559,1.0021,0.82402,2002.6
0.077748,0.14196,-0.0069051,0.015972,1.6979,0.14196,0.050294,0.025174,0.095618,-0.0069051,-0.013173,0.01234,0.010099,-0.001909,0,0.71598,0.67142,1.129,1.0021,2002.7
0.08609,0.077748,-0.014706,0.019361,4.1673,0.077748,0.14196,0.050294,0.025174,-0.014706,-0.0069051,0.015972,0.01234,-0.0023193,-0.001909,0.7497,0.71598,1.6979,1.129,2002.8
0.15618,0.08609,-0.012171,0.040614,5.6027,0.08609,0.077748,0.14196,0.050294,-0.012171,-0.014706,0.019361,0.015972,0,-0.0023193,0.7917,0.7497,4.1673,1.6979,2002.8
0.35704,0.15618,0.029384,0.065304,5.0899,0.15618,0.08609,0.077748,0.14196,0.029384,-0.012171,0.040614,0.019361,0.013769,0,0.8729,0.7917,5.6027,4.1673,2002.9
0.24939,0.35704,0.015336,0.067659,5.1234,0.35704,0.15618,0.08609,0.077748,0.015336,0.029384,0.065304,0.040614,0.014077,0.013769,0.81681,0.8729,5.0899,5.6027,2003
0.26701,0.24939,-0.017223,0.030036,3.4077,0.24939,0.35704,0.15618,0.08609,-0.017223,0.015336,0.067659,0.065304,0.015676,0.014077,0.83009,0.81681,5.1234,5.0899,2003.1
0.18694,0.26701,-0.035994,0.038259,3.3646,0.26701,0.24939,0.35704,0.15618,-0.035994,-0.017223,0.030036,0.067659,0.015266,0.015676,0.79851,0.83009,3.4077,5.1234,2003.2
0.1467,0.18694,-0.04284,0.03809,2.8073,0.18694,0.26701,0.24939,0.35704,-0.04284,-0.035994,0.038259,0.030036,0.0053872,0.015266,0.83707,0.79851,3.3646,3.4077,2003.3
0.11584,0.1467,-0.044301,0.038996,2.0903,0.1467,0.18694,0.26701,0.24939,-0.044301,-0.04284,0.03809,0.038259,0.005382,0.0053872,0.8028,0.83707,2.8073,3.3646,2003.3
0.072978,0.11584,-0.043634,0.036685,1.8395,0.11584,0.1467,0.18694,0.26701,-0.043634,-0.044301,0.038996,0.03809,0,0.005382,0.72788,0.8028,2.0903,2.8073,2003.4
-0.018014,0.072978,-0.057417,0.020587,2.1242,0.072978,0.11584,0.1467,0.18694,-0.057417,-0.043634,0.036685,0.038996,0,0,0.70148,0.72788,1.8395,2.0903,2003.5
0.023976,-0.018014,-0.07381,0.012176,2.1902,-0.018014,0.072978,0.11584,0.1467,-0.07381,-0.057417,0.020587,0.036685,-0.0015823,0,0.69276,0.70148,2.1242,1.8395,2003.6
0.040731,0.023976,-0.066882,0.0081996,1.63,0.023976,-0.018014,0.072978,0.11584,-0.066882,-0.07381,0.012176,0.020587,-0.0054702,-0.0015823,0.69513,0.69276,2.1902,2.1242,2003.7
0.093237,0.040731,-0.059132,0.0081666,1.303,0.040731,0.023976,-0.018014,0.072978,-0.059132,-0.066882,0.0081996,0.012176,-0.016083,-0.0054702,0.72776,0.69513,1.63,2.1902,2003.8
0.03475,0.093237,-0.021443,0.0061312,1.1119,0.093237,0.040731,0.023976,-0.018014,-0.021443,-0.059132,0.0081666,0.0081996,-0.020251,-0.016083,0.7029,0.72776,1.303,1.63,2003.8
0.040731,0.03475,-0.0031524,0.0051451,0.93392,0.03475,0.093237,0.040731,0.023976,-0.0031524,-0.021443,0.0061312,0.0081666,-0.011792,-0.020251,0.68672,0.7029,1.1119,1.303,2003.9
0.062238,0.040731,0.0063287,0.0049875,1.1157,0.040731,0.03475,0.093237,0.040731,0.0063287,-0.0031524,0.0051451,0.0061312,-0.01059,-0.011792,0.70065,0.68672,0.93392,1.1119,2004
0.090855,0.062238,-0.017076,0.0050787,0.91498,0.062238,0.040731,0.03475,0.093237,-0.017076,0.0063287,0.0049875,0.0051451,-0.011898,-0.01059,0.70288,0.70065,1.1157,0.93392,2004.1
0.072978,0.090855,-0.020824,0.0050705,0.96044,0.090855,0.062238,0.040731,0.03475,-0.020824,-0.017076,0.0050787,0.0049875,-0.0046843,-0.011898,0.69002,0.70288,0.91498,1.1157,2004.2
0.056268,0.072978,-0.025443,0.0049875,0.84866,0.072978,0.090855,0.062238,0.040731,-0.025443,-0.020824,0.0050705,0.0050787,0,-0.0046843,0.71319,0.69002,0.96044,0.91498,2004.3
0.044318,0.056268,-0.0073585,0.0061146,0.81265,0.056268,0.072978,0.090855,0.062238,-0.0073585,-0.025443,0.0049875,0.0050705,-0.00097043,0,0.7049,0.71319,0.84866,0.96044,2004.3
0.061044,0.044318,-0.0091001,0.0091579,0.91687,0.044318,0.056268,0.072978,0.090855,-0.0091001,-0.0073585,0.0061146,0.0049875,-0.0023225,-0.00097043,0.70271,0.7049,0.81265,0.84866,2004.4
0.084899,0.061044,0.0064022,0.012324,0.80886,0.061044,0.044318,0.056268,0.072978,0.0064022,-0.0091001,0.0091579,0.0061146,-0.0010081,-0.0023225,0.75119,0.70271,0.91687,0.81265,2004.5
0.10871,0.084899,0.0042692,0.012628,1.1479,0.084899,0.061044,0.044318,0.056268,0.0042692,0.0064022,0.012324,0.0091579,0,-0.0010081,0.74765,0.75119,0.80886,0.91687,2004.6
0.082516,0.10871,0.016509,0.012554,1.0021,0.10871,0.084899,0.061044,0.044318,0.016509,0.0042692,0.012628,0.012324,0,0,0.72061,0.74765,1.1479,0.80886,2004.7
0.039535,0.082516,0.020654,0.0097275,1.0191,0.082516,0.10871,0.084899,0.061044,0.020654,0.016509,0.012554,0.012628,0,0,0.71821,0.72061,1.0021,1.1479,2004.8
0.052684,0.039535,0.02448,0.0094552,1.1157,0.039535,0.082516,0.10871,0.084899,0.02448,0.020654,0.0097275,0.012554,0.001077,0,0.69381,0.71821,1.0191,1.0021,2004.8
0.082516,0.052684,0.02503,0.007869,1.0513,0.052684,0.039535,0.082516,0.10871,0.02503,0.02448,0.0094552,0.0097275,0.0025973,0.001077,0.69216,0.69381,1.1157,1.0191,2004.9
0.10276,0.082516,0.020086,0.0059821,1.0476,0.082516,0.052684,0.039535,0.082516,0.020086,0.02503,0.007869,0.0094552,0.0046188,0.0025973,0.67192,0.69216,1.0513,1.1157,2005
0.069399,0.10276,0.019014,0.0063548,0.89603,0.10276,0.082516,0.052684,0.039535,0.019014,0.020086,0.0059821,0.007869,0.0046231,0.0046188,0.65284,0.67192,1.0476,1.0513,2005.1
0.070592,0.069399,0.012264,0.0056507,0.84676,0.069399,0.10276,0.082516,0.052684,0.012264,0.019014,0.0063548,0.0059821,0.003695,0.0046231,0.6552,0.65284,0.89603,1.0476,2005.2
0.072978,0.070592,-0.0094893,0.0070749,0.80886,0.070592,0.069399,0.10276,0.082516,-0.0094893,0.012264,0.0056507,0.0063548,0.0044077,0.003695,0.63376,0.6552,0.84676,0.89603,2005.3
0.10395,0.072978,0.0076006,0.0094882,0.78991,0.072978,0.070592,0.069399,0.10276,0.0076006,-0.0094893,0.0070749,0.0056507,0.0044471,0.0044077,0.67017,0.63376,0.80886,0.84676,2005.3
0.058656,0.10395,0.006621,0.0092157,0.73872,0.10395,0.072978,0.070592,0.069399,0.006621,0.0076006,0.0094882,0.0070749,0.0027946,0.0044471,0.62863,0.67017,0.78991,0.80886,2005.4
-0.0024002,0.058656,0.011646,0.0068266,0.75199,0.058656,0.10395,0.072978,0.070592,0.011646,0.006621,0.0092157,0.0094882,0.0023438,0.0027946,0.59055,0.62863,0.73872,0.78991,2005.5
0.029963,-0.0024002,0.036634,0.0047388,0.70649,-0.0024002,0.058656,0.10395,0.072978,0.036634,0.011646,0.0068266,0.0092157,0.0012116,0.0023438,0.5878,0.59055,0.75199,0.73872,2005.6
0.020383,0.029963,0.0060795,0.0031617,0.77474,0.029963,-0.0024002,0.058656,0.10395,0.0060795,0.036634,0.0047388,0.0068266,0,0.0012116,0.58192,0.5878,0.70649,0.75199,2005.7
0.041927,0.020383,0.0096235,0.0012492,0.76337,0.020383,0.029963,-0.0024002,0.058656,0.0096235,0.0060795,0.0031617,0.0047388,0,0,0.58094,0.58192,0.77474,0.70649,2005.8
0.089664,0.041927,-0.0056744,0.0011826,0.67614,0.041927,0.020383,0.029963,-0.0024002,-0.0056744,0.0096235,0.0012492,0.0031617,-0.0011113,0,0.56742,0.58094,0.76337,0.77474,2005.8
0.065819,0.089664,-0.0091774,0.0006248,0.68942,0.089664,0.041927,0.020383,0.029963,-0.0091774,-0.0056744,0.0011826,0.0012492,-0.0026034,-0.0011113,0.54957,0.56742,0.67614,0.76337,2005.9
0.043122,0.065819,-0.0051426,0,0.59268,0.065819,0.089664,0.041927,0.020383,-0.0051426,-0.0091774,0.0006248,0.0011826,-0.0035518,-0.0026034,0.52671,0.54957,0.68942,0.67614,2006
0.070592,0.043122,0.019326,0.0010078,0.62304,0.043122,0.065819,0.089664,0.041927,0.019326,-0.0051426,0,0.0006248,-0.0055418,-0.0035518,0.55916,0.52671,0.59268,0.68942,2006.1
0.049099,0.070592,-0.00074531,0.00074972,0.55853,0.070592,0.043122,0.065819,0.089664,-0.00074531,0.019326,0.0010078,0,-0.0045865,-0.0055418,0.56142,0.55916,0.62304,0.59268,2006.2
0.051489,0.049099,0.011931,0,0.53576,0.049099,0.070592,0.043122,0.065819,0.011931,-0.00074531,0.00074972,0.0010078,-0.0037032,-0.0045865,0.51834,0.56142,0.55853,0.62304,2006.3
0.025174,0.051489,0.00074493,-0.00093377,0.53956,0.051489,0.049099,0.070592,0.043122,0.00074493,0.011931,0,0.00074972,-0.0047619,-0.0037032,0.52726,0.51834,0.53576,0.55853,2006.3
0.011994,0.025174,0.002347,-0.00099216,0.48072,0.025174,0.051489,0.049099,0.070592,0.002347,0.00074493,-0.00093377,0,-0.0040272,-0.0047619,0.52305,0.52726,0.53956,0.53576,2006.4
-0.025226,0.011994,0.011741,-0.0026034,0.54715,0.011994,0.025174,0.051489,0.049099,0.011741,0.002347,-0.00099216,-0.00093377,-0.0040867,-0.0040272,0.53838,0.52305,0.48072,0.53956,2006.5
0.022778,-0.025226,-0.010598,-0.0031717,0.52438,-0.025226,0.011994,0.025174,0.051489,-0.010598,0.011741,-0.0026034,-0.00099216,-0.004329,-0.0040867,0.55537,0.53838,0.54715,0.48072,2006.6
0.0059985,0.022778,0.00097404,-0.0029042,0.52438,0.022778,-0.025226,0.011994,0.025174,0.00097404,-0.010598,-0.0031717,-0.0026034,-0.0016847,-0.004329,0.53095,0.55537,0.52438,0.54715,2006.7
0.025174,0.0059985,0.0047738,-0.0053141,0.61545,0.0059985,0.022778,-0.025226,0.011994,0.0047738,0.00097404,-0.0029042,-0.0031717,-0.0028026,-0.0016847,0.52288,0.53095,0.52438,0.52438,2006.8
0.039535,0.025174,-0.0078129,-0.0056995,0.51679,0.025174,0.0059985,0.022778,-0.025226,-0.0078129,0.0047738,-0.0053141,-0.0029042,-0.0042274,-0.0028026,0.52325,0.52288,0.61545,0.52438,2006.8
0.037142,0.039535,-0.001397,-0.0048032,0.56233,0.039535,0.025174,0.0059985,0.022778,-0.001397,-0.0078129,-0.0056995,-0.0053141,-0.0018398,-0.0042274,0.51449,0.52325,0.51679,0.61545,2006.9
0.057462,0.037142,0.0034787,-0.0050125,0.61545,0.037142,0.039535,0.025174,0.0059985,0.0034787,-0.001397,-0.0048032,-0.0056995,-0.0026957,-0.0018398,0.52346,0.51449,0.56233,0.51679,2007
0.052684,0.057462,0.0022375,-0.0050125,0.84676,0.057462,0.037142,0.039535,0.025174,0.0022375,0.0034787,-0.0050125,-0.0048032,-0.0042558,-0.0026957,0.52284,0.52346,0.61545,0.56233,2007.1
0.052684,0.052684,0.00082288,-0.0050125,0.77095,0.052684,0.057462,0.037142,0.039535,0.00082288,0.0022375,-0.0050125,-0.0050125,-0.0004946,-0.0042558,0.52117,0.52284,0.84676,0.61545,2007.2
0.044318,0.052684,0.0046848,-0.0048869,0.7918,0.052684,0.052684,0.057462,0.037142,0.0046848,0.00082288,-0.0050125,-0.0050125,-0.0017153,-0.0004946,0.50909,0.52117,0.77095,0.84676,2007.3
0.029963,0.044318,0.014558,-0.0050125,0.78232,0.044318,0.052684,0.052684,0.057462,0.014558,0.0046848,-0.0048869,-0.0050125,-0.0017183,-0.0017153,0.51374,0.50909,0.7918,0.77095,2007.3
0.033553,0.029963,0.012613,-0.0050125,0.84866,0.029963,0.044318,0.052684,0.052684,0.012613,0.014558,-0.0050125,-0.0048869,-0.0013839,-0.0017183,0.49062,0.51374,0.78232,0.7918,2007.4
0.033553,0.033553,0.023144,-0.0050125,0.87708,0.033553,0.029963,0.044318,0.052684,0.023144,0.012613,-0.0050125,-0.0050125,-0.0013324,-0.0013839,0.4763,0.49062,0.84866,0.78232,2007.5
