25.36,-0.75,2.67,-0.75,2.67,-0.7,-0.58,-0.39,-0.16,3.13,4.18,4.52,5.3,26.09,26.31,26.32,26.32,-0.7,-0.58,-0.39,-0.16,3.13,4.18,4.52,5.3,2003.6
23.5,-0.68,2.33,-0.68,2.33,-0.75,-0.7,-0.58,-0.39,2.67,3.13,4.18,4.52,25.36,26.09,26.31,26.32,-0.75,-0.7,-0.58,-0.39,2.67,3.13,4.18,4.52,2003.7
21.02,-0.51,2.36,-0.51,2.36,-0.68,-0.75,-0.7,-0.58,2.33,2.67,3.13,4.18,23.5,25.36,26.09,26.31,-0.68,-0.75,-0.7,-0.58,2.33,2.67,3.13,4.18,2003.8
19.54,-0.31,2.08,-0.31,2.08,-0.51,-0.68,-0.75,-0.7,2.36,2.33,2.67,3.13,21.02,23.5,25.36,26.09,-0.51,-0.68,-0.75,-0.7,2.36,2.33,2.67,3.13,2003.8
18.31,-0.14,1.91,-0.14,1.91,-0.31,-0.51,-0.68,-0.75,2.08,2.36,2.33,2.67,19.54,21.02,23.5,25.36,-0.31,-0.51,-0.68,-0.75,2.08,2.36,2.33,2.67,2003.9
16.91,0,1.93,0,1.93,-0.14,-0.31,-0.51,-0.68,1.91,2.08,2.36,2.33,18.31,19.54,21.02,23.5,-0.14,-0.31,-0.51,-0.68,1.91,2.08,2.36,2.33,2004
16.32,0.09,0.35,0.09,0.35,0,-0.14,-0.31,-0.51,1.93,1.91,2.08,2.36,16.91,18.31,19.54,21.02,0,-0.14,-0.31,-0.51,1.93,1.91,2.08,2.36,2004.1
16.3,0.18,-0.04,0.18,-0.04,0.09,0,-0.14,-0.31,0.35,1.93,1.91,2.08,16.32,16.91,18.31,19.54,0.09,0,-0.14,-0.31,0.35,1.93,1.91,2.08,2004.2
16.19,0.29,-0.02,0.29,-0.02,0.18,0.09,0,-0.14,-0.04,0.35,1.93,1.91,16.3,16.32,16.91,18.31,0.18,0.09,0,-0.14,-0.04,0.35,1.93,1.91,2004.3
15.96,0.43,0.04,0.43,0.04,0.29,0.18,0.09,0,-0.02,-0.04,0.35,1.93,16.19,16.3,16.32,16.91,0.29,0.18,0.09,0,-0.02,-0.04,0.35,1.93,2004.3
15.77,0.6,0.32,0.6,0.32,0.43,0.29,0.18,0.09,0.04,-0.02,-0.04,0.35,15.96,16.19,16.3,16.32,0.43,0.29,0.18,0.09,0.04,-0.02,-0.04,0.35,2004.4
15.8,0.77,0.69,0.77,0.69,0.6,0.43,0.29,0.18,0.32,0.04,-0.02,-0.04,15.77,15.96,16.19,16.3,0.6,0.43,0.29,0.18,0.32,0.04,-0.02,-0.04,2004.5
15.77,0.93,0.6,0.93,0.6,0.77,0.6,0.43,0.29,0.69,0.32,0.04,-0.02,15.8,15.77,15.96,16.19,0.77,0.6,0.43,0.29,0.69,0.32,0.04,-0.02,2004.6
15.86,1.04,0.76,1.04,0.76,0.93,0.77,0.6,0.43,0.6,0.69,0.32,0.04,15.77,15.8,15.77,15.96,0.93,0.77,0.6,0.43,0.6,0.69,0.32,0.04,2004.7
16.09,1.07,0.68,1.07,0.68,1.04,0.93,0.77,0.6,0.76,0.6,0.69,0.32,15.86,15.77,15.8,15.77,1.04,0.93,0.77,0.6,0.76,0.6,0.69,0.32,2004.8
16.41,1.01,0.74,1.01,0.74,1.07,1.04,0.93,0.77,0.68,0.76,0.6,0.69,16.09,15.86,15.77,15.8,1.07,1.04,0.93,0.77,0.68,0.76,0.6,0.69,2004.8
16.96,0.91,0.55,0.91,0.55,1.01,1.07,1.04,0.93,0.74,0.68,0.76,0.6,16.41,16.09,15.86,15.77,1.01,1.07,1.04,0.93,0.74,0.68,0.76,0.6,2004.9
17.5,0.79,0.33,0.79,0.33,0.91,1.01,1.07,1.04,0.55,0.74,0.68,0.76,16.96,16.41,16.09,15.86,0.91,1.01,1.07,1.04,0.55,0.74,0.68,0.76,2005
17.93,0.67,1.11,0.67,1.11,0.79,0.91,1.01,1.07,0.33,0.55,0.74,0.68,17.5,16.96,16.41,16.09,0.79,0.91,1.01,1.07,0.33,0.55,0.74,0.68,2005.1
18.47,0.57,0.95,0.57,0.95,0.67,0.79,0.91,1.01,1.11,0.33,0.55,0.74,17.93,17.5,16.96,16.41,0.67,0.79,0.91,1.01,1.11,0.33,0.55,0.74,2005.2
18.97,0.48,0.96,0.48,0.96,0.57,0.67,0.79,0.91,0.95,1.11,0.33,0.55,18.47,17.93,17.5,16.96,0.57,0.67,0.79,0.91,0.95,1.11,0.33,0.55,2005.3
19.32,0.37,1.09,0.37,1.09,0.48,0.57,0.67,0.79,0.96,0.95,1.11,0.33,18.97,18.47,17.93,17.5,0.48,0.57,0.67,0.79,0.96,0.95,1.11,0.33,2005.3
19.61,0.23,0.71,0.23,0.71,0.37,0.48,0.57,0.67,1.09,0.96,0.95,1.11,19.32,18.97,18.47,17.93,0.37,0.48,0.57,0.67,1.09,0.96,0.95,1.11,2005.4
19.75,0.03,0.5,0.03,0.5,0.23,0.37,0.48,0.57,0.71,1.09,0.96,0.95,19.61,19.32,18.97,18.47,0.23,0.37,0.48,0.57,0.71,1.09,0.96,0.95,2005.5
19.72,-0.19,0.49,-0.19,0.49,0.03,0.23,0.37,0.48,0.5,0.71,1.09,0.96,19.75,19.61,19.32,18.97,0.03,0.23,0.37,0.48,0.5,0.71,1.09,0.96,2005.6
19.75,-0.41,0.42,-0.41,0.42,-0.19,0.03,0.23,0.37,0.49,0.5,0.71,1.09,19.72,19.75,19.61,19.32,-0.19,0.03,0.23,0.37,0.49,0.5,0.71,1.09,2005.7
19.61,-0.6,0.19,-0.6,0.19,-0.41,-0.19,0.03,0.23,0.42,0.49,0.5,0.71,19.75,19.72,19.75,19.61,-0.41,-0.19,0.03,0.23,0.42,0.49,0.5,0.71,2005.8
19.25,-0.7,0.14,-0.7,0.14,-0.6,-0.41,-0.19,0.03,0.19,0.42,0.49,0.5,19.61,19.75,19.72,19.75,-0.6,-0.41,-0.19,0.03,0.19,0.42,0.49,0.5,2005.8
18.87,-0.72,0.13,-0.72,0.13,-0.7,-0.6,-0.41,-0.19,0.14,0.19,0.42,0.49,19.25,19.61,19.75,19.72,-0.7,-0.6,-0.41,-0.19,0.14,0.19,0.42,0.49,2005.9
18.24,-0.69,0.12,-0.69,0.12,-0.72,-0.7,-0.6,-0.41,0.13,0.14,0.19,0.42,18.87,19.25,19.61,19.75,-0.72,-0.7,-0.6,-0.41,0.13,0.14,0.19,0.42,2006
17.65,-0.67,0.07,-0.67,0.07,-0.69,-0.72,-0.7,-0.6,0.12,0.13,0.14,0.19,18.24,18.87,19.25,19.61,-0.69,-0.72,-0.7,-0.6,0.12,0.13,0.14,0.19,2006.1
17.28,-0.71,-0.07,-0.71,-0.07,-0.67,-0.69,-0.72,-0.7,0.07,0.12,0.13,0.14,17.65,18.24,18.87,19.25,-0.67,-0.69,-0.72,-0.7,0.07,0.12,0.13,0.14,2006.2
16.74,-0.82,-0.25,-0.82,-0.25,-0.71,-0.67,-0.69,-0.72,-0.07,0.07,0.12,0.13,17.28,17.65,18.24,18.87,-0.71,-0.67,-0.69,-0.72,-0.07,0.07,0.12,0.13,2006.3
16.19,-0.95,-0.37,-0.95,-0.37,-0.82,-0.71,-0.67,-0.69,-0.25,-0.07,0.07,0.12,16.74,17.28,17.65,18.24,-0.82,-0.71,-0.67,-0.69,-0.25,-0.07,0.07,0.12,2006.3
15.7,-1.05,-0.29,-1.05,-0.29,-0.95,-0.82,-0.71,-0.67,-0.37,-0.25,-0.07,0.07,16.19,16.74,17.28,17.65,-0.95,-0.82,-0.71,-0.67,-0.37,-0.25,-0.07,0.07,2006.4
15.18,-1.08,-0.16,-1.08,-0.16,-1.05,-0.95,-0.82,-0.71,-0.29,-0.37,-0.25,-0.07,15.7,16.19,16.74,17.28,-1.05,-0.95,-0.82,-0.71,-0.29,-0.37,-0.25,-0.07,2006.5
14.98,-1.05,-0.07,-1.05,-0.07,-1.08,-1.05,-0.95,-0.82,-0.16,-0.29,-0.37,-0.25,15.18,15.7,16.19,16.74,-1.08,-1.05,-0.95,-0.82,-0.16,-0.29,-0.37,-0.25,2006.6
14.66,-0.99,0.03,-0.99,0.03,-1.05,-1.08,-1.05,-0.95,-0.07,-0.16,-0.29,-0.37,14.98,15.18,15.7,16.19,-1.05,-1.08,-1.05,-0.95,-0.07,-0.16,-0.29,-0.37,2006.7
14.17,-0.89,-0.4,-0.89,-0.4,-0.99,-1.05,-1.08,-1.05,0.03,-0.07,-0.16,-0.29,14.66,14.98,15.18,15.7,-0.99,-1.05,-1.08,-1.05,0.03,-0.07,-0.16,-0.29,2006.8
13.95,-0.75,-0.44,-0.75,-0.44,-0.89,-0.99,-1.05,-1.08,-0.4,0.03,-0.07,-0.16,14.17,14.66,14.98,15.18,-0.89,-0.99,-1.05,-1.08,-0.4,0.03,-0.07,-0.16,2006.8
13.65,-0.55,-0.32,-0.55,-0.32,-0.75,-0.89,-0.99,-1.05,-0.44,-0.4,0.03,-0.07,13.95,14.17,14.66,14.98,-0.75,-0.89,-0.99,-1.05,-0.44,-0.4,0.03,-0.07,2006.9
13.19,-0.33,-0.44,-0.33,-0.44,-0.55,-0.75,-0.89,-0.99,-0.32,-0.44,-0.4,0.03,13.65,13.95,14.17,14.66,-0.55,-0.75,-0.89,-0.99,-0.32,-0.44,-0.4,0.03,2007
13.13,-0.1,-0.5,-0.1,-0.5,-0.33,-0.55,-0.75,-0.89,-0.44,-0.32,-0.44,-0.4,13.19,13.65,13.95,14.17,-0.33,-0.55,-0.75,-0.89,-0.44,-0.32,-0.44,-0.4,2007.1
12.93,0.1,-0.71,0.1,-0.71,-0.1,-0.33,-0.55,-0.75,-0.5,-0.44,-0.32,-0.44,13.13,13.19,13.65,13.95,-0.1,-0.33,-0.55,-0.75,-0.5,-0.44,-0.32,-0.44,2007.2
12.74,0.27,-0.8,0.27,-0.8,0.1,-0.1,-0.33,-0.55,-0.71,-0.5,-0.44,-0.32,12.93,13.13,13.19,13.65,0.1,-0.1,-0.33,-0.55,-0.71,-0.5,-0.44,-0.32,2007.3
12.58,0.42,-1,0.42,-1,0.27,0.1,-0.1,-0.33,-0.8,-0.71,-0.5,-0.44,12.74,12.93,13.13,13.19,0.27,0.1,-0.1,-0.33,-0.8,-0.71,-0.5,-0.44,2007.3
12.43,0.56,-1.1,0.56,-1.1,0.42,0.27,0.1,-0.1,-1,-0.8,-0.71,-0.5,12.58,12.74,12.93,13.13,0.42,0.27,0.1,-0.1,-1,-0.8,-0.71,-0.5,2007.4
12.03,0.69,-0.98,0.69,-0.98,0.56,0.42,0.27,0.1,-1.1,-1,-0.8,-0.71,12.43,12.58,12.74,12.93,0.56,0.42,0.27,0.1,-1.1,-1,-0.8,-0.71,2007.5
11.73,0.81,-0.85,0.81,-0.85,0.69,0.56,0.42,0.27,-0.98,-1.1,-1,-0.8,12.03,12.43,12.58,12.74,0.69,0.56,0.42,0.27,-0.98,-1.1,-1,-0.8,2007.6
11.43,0.93,-0.76,0.93,-0.76,0.81,0.69,0.56,0.42,-0.85,-0.98,-1.1,-1,11.73,12.03,12.43,12.58,0.81,0.69,0.56,0.42,-0.85,-0.98,-1.1,-1,2007.7
11.22,1.03,-0.66,1.03,-0.66,0.93,0.81,0.69,0.56,-0.76,-0.85,-0.98,-1.1,11.43,11.73,12.03,12.43,0.93,0.81,0.69,0.56,-0.76,-0.85,-0.98,-1.1,2007.8
11.18,1.1,-0.67,1.1,-0.67,1.03,0.93,0.81,0.69,-0.66,-0.76,-0.85,-0.98,11.22,11.43,11.73,12.03,1.03,0.93,0.81,0.69,-0.66,-0.76,-0.85,-0.98,2007.8
11.18,1.12,-0.54,1.12,-0.54,1.1,1.03,0.93,0.81,-0.67,-0.66,-0.76,-0.85,11.18,11.22,11.43,11.73,1.1,1.03,0.93,0.81,-0.67,-0.66,-0.76,-0.85,2007.9
11.18,1.14,-0.54,1.14,-0.54,1.12,1.1,1.03,0.93,-0.54,-0.67,-0.66,-0.76,11.18,11.18,11.22,11.43,1.12,1.1,1.03,0.93,-0.54,-0.67,-0.66,-0.76,2008
11.18,1.19,-0.2,1.19,-0.2,1.14,1.12,1.1,1.03,-0.54,-0.54,-0.67,-0.66,11.18,11.18,11.18,11.22,1.14,1.12,1.1,1.03,-0.54,-0.54,-0.67,-0.66,2008.1
11.18,1.32,-0.24,1.32,-0.24,1.19,1.14,1.12,1.1,-0.2,-0.54,-0.54,-0.67,11.18,11.18,11.18,11.18,1.19,1.14,1.12,1.1,-0.2,-0.54,-0.54,-0.67,2008.2
11.18,1.51,-0.15,1.51,-0.15,1.32,1.19,1.14,1.12,-0.24,-0.2,-0.54,-0.54,11.18,11.18,11.18,11.18,1.32,1.19,1.14,1.12,-0.24,-0.2,-0.54,-0.54,2008.3
11.37,1.75,-0.09,1.75,-0.09,1.51,1.32,1.19,1.14,-0.15,-0.24,-0.2,-0.54,11.18,11.18,11.18,11.18,1.51,1.32,1.19,1.14,-0.15,-0.24,-0.2,-0.54,2008.3
11.63,1.94,0.29,1.94,0.29,1.75,1.51,1.32,1.19,-0.09,-0.15,-0.24,-0.2,11.37,11.18,11.18,11.18,1.75,1.51,1.32,1.19,-0.09,-0.15,-0.24,-0.2,2008.4
12.09,2.01,0.79,2.01,0.79,1.94,1.75,1.51,1.32,0.29,-0.09,-0.15,-0.24,11.63,11.37,11.18,11.18,1.94,1.75,1.51,1.32,0.29,-0.09,-0.15,-0.24,2008.5
12.36,1.85,0.87,1.85,0.87,2.01,1.94,1.75,1.51,0.79,0.29,-0.09,-0.15,12.09,11.63,11.37,11.18,2.01,1.94,1.75,1.51,0.79,0.29,-0.09,-0.15,2008.6
12.92,1.41,0.76,1.41,0.76,1.85,2.01,1.94,1.75,0.87,0.79,0.29,-0.09,12.36,12.09,11.63,11.37,1.85,2.01,1.94,1.75,0.87,0.79,0.29,-0.09,2008.7
13.39,0.68,0.66,0.68,0.66,1.41,1.85,2.01,1.94,0.76,0.87,0.79,0.29,12.92,12.36,12.09,11.63,1.41,1.85,2.01,1.94,0.76,0.87,0.79,0.29,2008.8
13.66,-0.26,0.82,-0.26,0.82,0.68,1.41,1.85,2.01,0.66,0.76,0.87,0.79,13.39,12.92,12.36,12.09,0.68,1.41,1.85,2.01,0.66,0.76,0.87,0.79,2008.8
13.64,-1.29,0.94,-1.29,0.94,-0.26,0.68,1.41,1.85,0.82,0.66,0.76,0.87,13.66,13.39,12.92,12.36,-0.26,0.68,1.41,1.85,0.82,0.66,0.76,0.87,2008.9
13.66,-2.19,0.46,-2.19,0.46,-1.29,-0.26,0.68,1.41,0.94,0.82,0.66,0.76,13.64,13.66,13.39,12.92,-1.29,-0.26,0.68,1.41,0.94,0.82,0.66,0.76,2009
13.32,-2.8,0.19,-2.8,0.19,-2.19,-1.29,-0.26,0.68,0.46,0.94,0.82,0.66,13.66,13.64,13.66,13.39,-2.19,-1.29,-0.26,0.68,0.46,0.94,0.82,0.66,2009.1
12.66,-3.07,0.08,-3.07,0.08,-2.8,-2.19,-1.29,-0.26,0.19,0.46,0.94,0.82,13.32,13.66,13.64,13.66,-2.8,-2.19,-1.29,-0.26,0.19,0.46,0.94,0.82,2009.2
11.7,-3.09,-0.29,-3.09,-0.29,-3.07,-2.8,-2.19,-1.29,0.08,0.19,0.46,0.94,12.66,13.32,13.66,13.64,-3.07,-2.8,-2.19,-1.29,0.08,0.19,0.46,0.94,2009.3
11.11,-2.92,-0.36,-2.92,-0.36,-3.09,-3.07,-2.8,-2.19,-0.29,0.08,0.19,0.46,11.7,12.66,13.32,13.66,-3.09,-3.07,-2.8,-2.19,-0.29,0.08,0.19,0.46,2009.3
10.16,-2.62,-0.48,-2.62,-0.48,-2.92,-3.09,-3.07,-2.8,-0.36,-0.29,0.08,0.19,11.11,11.7,12.66,13.32,-2.92,-3.09,-3.07,-2.8,-0.36,-0.29,0.08,0.19,2009.4
9.54,-2.26,-0.41,-2.26,-0.41,-2.62,-2.92,-3.09,-3.07,-0.48,-0.36,-0.29,0.08,10.16,11.11,11.7,12.66,-2.62,-2.92,-3.09,-3.07,-0.48,-0.36,-0.29,0.08,2009.5
9.01,-1.85,-0.42,-1.85,-0.42,-2.26,-2.62,-2.92,-3.09,-0.41,-0.48,-0.36,-0.29,9.54,10.16,11.11,11.7,-2.26,-2.62,-2.92,-3.09,-0.41,-0.48,-0.36,-0.29,2009.6
8.65,-1.42,-0.43,-1.42,-0.43,-1.85,-2.26,-2.62,-2.92,-0.42,-0.41,-0.48,-0.36,9.01,9.54,10.16,11.11,-1.85,-2.26,-2.62,-2.92,-0.42,-0.41,-0.48,-0.36,2009.7
8.65,-0.98,-0.25,-0.98,-0.25,-1.42,-1.85,-2.26,-2.62,-0.43,-0.42,-0.41,-0.48,8.65,9.01,9.54,10.16,-1.42,-1.85,-2.26,-2.62,-0.43,-0.42,-0.41,-0.48,2009.8
8.65,-0.59,-0.21,-0.59,-0.21,-0.98,-1.42,-1.85,-2.26,-0.25,-0.43,-0.42,-0.41,8.65,8.65,9.01,9.54,-0.98,-1.42,-1.85,-2.26,-0.25,-0.43,-0.42,-0.41,2009.8
8.65,-0.28,-0.1,-0.28,-0.1,-0.59,-0.98,-1.42,-1.85,-0.21,-0.25,-0.43,-0.42,8.65,8.65,8.65,9.01,-0.59,-0.98,-1.42,-1.85,-0.21,-0.25,-0.43,-0.42,2009.9
8.65,-0.04,-0.1,-0.04,-0.1,-0.28,-0.59,-0.98,-1.42,-0.1,-0.21,-0.25,-0.43,8.65,8.65,8.65,8.65,-0.28,-0.59,-0.98,-1.42,-0.1,-0.21,-0.25,-0.43,2010
8.65,0.14,0.01,0.14,0.01,-0.04,-0.28,-0.59,-0.98,-0.1,-0.1,-0.21,-0.25,8.65,8.65,8.65,8.65,-0.04,-0.28,-0.59,-0.98,-0.1,-0.1,-0.21,-0.25,2010.1
8.65,0.29,-0.01,0.29,-0.01,0.14,-0.04,-0.28,-0.59,0.01,-0.1,-0.1,-0.21,8.65,8.65,8.65,8.65,0.14,-0.04,-0.28,-0.59,0.01,-0.1,-0.1,-0.21,2010.2
8.65,0.43,0.12,0.43,0.12,0.29,0.14,-0.04,-0.28,-0.01,0.01,-0.1,-0.1,8.65,8.65,8.65,8.65,0.29,0.14,-0.04,-0.28,-0.01,0.01,-0.1,-0.1,2010.3
8.72,0.55,0.22,0.55,0.22,0.43,0.29,0.14,-0.04,0.12,-0.01,0.01,-0.1,8.65,8.65,8.65,8.65,0.43,0.29,0.14,-0.04,0.12,-0.01,0.01,-0.1,2010.3
9.4,0.63,0.26,0.63,0.26,0.55,0.43,0.29,0.14,0.22,0.12,-0.01,0.01,8.72,8.65,8.65,8.65,0.55,0.43,0.29,0.14,0.22,0.12,-0.01,0.01,2010.4
9.94,0.66,0.35,0.66,0.35,0.63,0.55,0.43,0.29,0.26,0.22,0.12,-0.01,9.4,8.72,8.65,8.65,0.63,0.55,0.43,0.29,0.26,0.22,0.12,-0.01,2010.5
10.32,0.67,0.47,0.67,0.47,0.66,0.63,0.55,0.43,0.35,0.26,0.22,0.12,9.94,9.4,8.72,8.65,0.66,0.63,0.55,0.43,0.35,0.26,0.22,0.12,2010.6
10.66,0.68,0.52,0.68,0.52,0.67,0.66,0.63,0.55,0.47,0.35,0.26,0.22,10.32,9.94,9.4,8.72,0.67,0.66,0.63,0.55,0.47,0.35,0.26,0.22,2010.7
10.66,0.7,0.64,0.7,0.64,0.68,0.67,0.66,0.63,0.52,0.47,0.35,0.26,10.66,10.32,9.94,9.4,0.68,0.67,0.66,0.63,0.52,0.47,0.35,0.26,2010.8
10.66,0.73,0.66,0.73,0.66,0.7,0.68,0.67,0.66,0.64,0.52,0.47,0.35,10.66,10.66,10.32,9.94,0.7,0.68,0.67,0.66,0.64,0.52,0.47,0.35,2010.8
10.66,0.77,0.86,0.77,0.86,0.73,0.7,0.68,0.67,0.66,0.64,0.52,0.47,10.66,10.66,10.66,10.32,0.73,0.7,0.68,0.67,0.66,0.64,0.52,0.47,2010.9
10.66,0.8,0.85,0.8,0.85,0.77,0.73,0.7,0.68,0.86,0.66,0.64,0.52,10.66,10.66,10.66,10.66,0.77,0.73,0.7,0.68,0.86,0.66,0.64,0.52,2011
10.85,0.81,1.01,0.81,1.01,0.8,0.77,0.73,0.7,0.85,0.86,0.66,0.64,10.66,10.66,10.66,10.66,0.8,0.77,0.73,0.7,0.85,0.86,0.66,0.64,2011.1
11.17,0.82,0.85,0.82,0.85,0.81,0.8,0.77,0.73,1.01,0.85,0.86,0.66,10.85,10.66,10.66,10.66,0.81,0.8,0.77,0.73,1.01,0.85,0.86,0.66,2011.2
11.62,0.82,0.84,0.82,0.84,0.82,0.81,0.8,0.77,0.85,1.01,0.85,0.86,11.17,10.85,10.66,10.66,0.82,0.81,0.8,0.77,0.85,1.01,0.85,0.86,2011.3
11.74,0.81,0.84,0.81,0.84,0.82,0.82,0.81,0.8,0.84,0.85,1.01,0.85,11.62,11.17,10.85,10.66,0.82,0.82,0.81,0.8,0.84,0.85,1.01,0.85,2011.3
11.92,0.76,0.54,0.76,0.54,0.81,0.82,0.82,0.81,0.84,0.84,0.85,1.01,11.74,11.62,11.17,10.85,0.81,0.82,0.82,0.81,0.84,0.84,0.85,1.01,2011.4
12.1,0.67,0.68,0.67,0.68,0.76,0.81,0.82,0.82,0.54,0.84,0.84,0.85,11.92,11.74,11.62,11.17,0.76,0.81,0.82,0.82,0.54,0.84,0.84,0.85,2011.5
12.25,0.52,0.9,0.52,0.9,0.67,0.76,0.81,0.82,0.68,0.54,0.84,0.84,12.1,11.92,11.74,11.62,0.67,0.76,0.81,0.82,0.68,0.54,0.84,0.84,2011.6
12.42,0.32,0.95,0.32,0.95,0.52,0.67,0.76,0.81,0.9,0.68,0.54,0.84,12.25,12.1,11.92,11.74,0.52,0.67,0.76,0.81,0.9,0.68,0.54,0.84,2011.7
11.91,0.09,1.21,0.09,1.21,0.32,0.52,0.67,0.76,0.95,0.9,0.68,0.54,12.42,12.25,12.1,11.92,0.32,0.52,0.67,0.76,0.95,0.9,0.68,0.54,2011.8
11.7,-0.11,1.12,-0.11,1.12,0.09,0.32,0.52,0.67,1.21,0.95,0.9,0.68,11.91,12.42,12.25,12.1,0.09,0.32,0.52,0.67,1.21,0.95,0.9,0.68,2011.8
11.4,-0.26,1.04,-0.26,1.04,-0.11,0.09,0.32,0.52,1.12,1.21,0.95,0.9,11.7,11.91,12.42,12.25,-0.11,0.09,0.32,0.52,1.12,1.21,0.95,0.9,2011.9
10.9,-0.34,0.98,-0.34,0.98,-0.26,-0.11,0.09,0.32,1.04,1.12,1.21,0.95,11.4,11.7,11.91,12.42,-0.26,-0.11,0.09,0.32,1.04,1.12,1.21,0.95,2012
10.7,-0.38,0.81,-0.38,0.81,-0.34,-0.26,-0.11,0.09,0.98,1.04,1.12,1.21,10.9,11.4,11.7,11.91,-0.34,-0.26,-0.11,0.09,0.98,1.04,1.12,1.21,2012.1
10.4,-0.38,0.8,-0.38,0.8,-0.38,-0.34,-0.26,-0.11,0.81,0.98,1.04,1.12,10.7,10.9,11.4,11.7,-0.38,-0.34,-0.26,-0.11,0.81,0.98,1.04,1.12,2012.2
9.82,-0.37,0.9,-0.37,0.9,-0.38,-0.38,-0.34,-0.26,0.8,0.81,0.98,1.04,10.4,10.7,10.9,11.4,-0.38,-0.38,-0.34,-0.26,0.8,0.81,0.98,1.04,2012.3
9.35,-0.37,1.04,-0.37,1.04,-0.37,-0.38,-0.38,-0.34,0.9,0.8,0.81,0.98,9.82,10.4,10.7,10.9,-0.37,-0.38,-0.38,-0.34,0.9,0.8,0.81,0.98,2012.3
8.87,-0.37,1,-0.37,1,-0.37,-0.37,-0.38,-0.38,1.04,0.9,0.8,0.81,9.35,9.82,10.4,10.7,-0.37,-0.37,-0.38,-0.38,1.04,0.9,0.8,0.81,2012.4
8.39,-0.35,1,-0.35,1,-0.37,-0.37,-0.37,-0.38,1,1.04,0.9,0.8,8.87,9.35,9.82,10.4,-0.37,-0.37,-0.37,-0.38,1,1.04,0.9,0.8,2012.5
8.07,-0.31,1.06,-0.31,1.06,-0.35,-0.37,-0.37,-0.37,1,1,1.04,0.9,8.39,8.87,9.35,9.82,-0.35,-0.37,-0.37,-0.37,1,1,1.04,0.9,2012.6
7.85,-0.26,1.15,-0.26,1.15,-0.31,-0.35,-0.37,-0.37,1.06,1,1,1.04,8.07,8.39,8.87,9.35,-0.31,-0.35,-0.37,-0.37,1.06,1,1,1.04,2012.7
7.39,-0.21,1.02,-0.21,1.02,-0.26,-0.31,-0.35,-0.37,1.15,1.06,1,1,7.85,8.07,8.39,8.87,-0.26,-0.31,-0.35,-0.37,1.15,1.06,1,1,2012.8
7.23,-0.16,0.87,-0.16,0.87,-0.21,-0.26,-0.31,-0.35,1.02,1.15,1.06,1,7.39,7.85,8.07,8.39,-0.21,-0.26,-0.31,-0.35,1.02,1.15,1.06,1,2012.8
7.14,-0.14,0.89,-0.14,0.89,-0.16,-0.21,-0.26,-0.31,0.87,1.02,1.15,1.06,7.23,7.39,7.85,8.07,-0.16,-0.21,-0.26,-0.31,0.87,1.02,1.15,1.06,2012.9
7.16,-0.13,1.02,-0.13,1.02,-0.14,-0.16,-0.21,-0.26,0.89,0.87,1.02,1.15,7.14,7.23,7.39,7.85,-0.14,-0.16,-0.21,-0.26,0.89,0.87,1.02,1.15,2013
7.11,-0.11,0.97,-0.11,0.97,-0.13,-0.14,-0.16,-0.21,1.02,0.89,0.87,1.02,7.16,7.14,7.23,7.39,-0.13,-0.14,-0.16,-0.21,1.02,0.89,0.87,1.02,2013.1
7.12,-0.07,1.12,-0.07,1.12,-0.11,-0.13,-0.14,-0.16,0.97,1.02,0.89,0.87,7.11,7.16,7.14,7.23,-0.11,-0.13,-0.14,-0.16,0.97,1.02,0.89,0.87,2013.2
7.15,0.04,0.93,0.04,0.93,-0.07,-0.11,-0.13,-0.14,1.12,0.97,1.02,0.89,7.12,7.11,7.16,7.14,-0.07,-0.11,-0.13,-0.14,1.12,0.97,1.02,0.89,2013.3
7.26,0.2,1.08,0.2,1.08,0.04,-0.07,-0.11,-0.13,0.93,1.12,0.97,1.02,7.15,7.12,7.11,7.16,0.04,-0.07,-0.11,-0.13,0.93,1.12,0.97,1.02,2013.3
7.42,0.36,1.17,0.36,1.17,0.2,0.04,-0.07,-0.11,1.08,0.93,1.12,0.97,7.26,7.15,7.12,7.11,0.2,0.04,-0.07,-0.11,1.08,0.93,1.12,0.97,2013.4
7.9,0.5,1.15,0.5,1.15,0.36,0.2,0.04,-0.07,1.17,1.08,0.93,1.12,7.42,7.26,7.15,7.12,0.36,0.2,0.04,-0.07,1.17,1.08,0.93,1.12,2013.5
8.23,0.59,1.39,0.59,1.39,0.5,0.36,0.2,0.04,1.15,1.17,1.08,0.93,7.9,7.42,7.26,7.15,0.5,0.36,0.2,0.04,1.15,1.17,1.08,0.93,2013.6
8.45,0.62,1.62,0.62,1.62,0.59,0.5,0.36,0.2,1.39,1.15,1.17,1.08,8.23,7.9,7.42,7.26,0.59,0.5,0.36,0.2,1.39,1.15,1.17,1.08,2013.7
8.9,0.61,1.72,0.61,1.72,0.62,0.59,0.5,0.36,1.62,1.39,1.15,1.17,8.45,8.23,7.9,7.42,0.62,0.59,0.5,0.36,1.62,1.39,1.15,1.17,2013.8
9.25,0.59,1.69,0.59,1.69,0.61,0.62,0.59,0.5,1.72,1.62,1.39,1.15,8.9,8.45,8.23,7.9,0.61,0.62,0.59,0.5,1.72,1.62,1.39,1.15,2013.8
9.45,0.57,1.59,0.57,1.59,0.59,0.61,0.62,0.59,1.69,1.72,1.62,1.39,9.25,8.9,8.45,8.23,0.59,0.61,0.62,0.59,1.69,1.72,1.62,1.39,2013.9
9.9,0.55,1.59,0.55,1.59,0.57,0.59,0.61,0.62,1.59,1.69,1.72,1.62,9.45,9.25,8.9,8.45,0.57,0.59,0.61,0.62,1.59,1.69,1.72,1.62,2014
10.17,0.54,1.5,0.54,1.5,0.55,0.57,0.59,0.61,1.59,1.59,1.69,1.72,9.9,9.45,9.25,8.9,0.55,0.57,0.59,0.61,1.59,1.59,1.69,1.72,2014.1
10.42,0.5,1.62,0.5,1.62,0.54,0.55,0.57,0.59,1.5,1.59,1.59,1.69,10.17,9.9,9.45,9.25,0.54,0.55,0.57,0.59,1.5,1.59,1.59,1.69,2014.2
10.65,0.43,1.6,0.43,1.6,0.5,0.54,0.55,0.57,1.62,1.5,1.59,1.59,10.42,10.17,9.9,9.45,0.5,0.54,0.55,0.57,1.62,1.5,1.59,1.59,2014.3
10.87,0.33,1.45,0.33,1.45,0.43,0.5,0.54,0.55,1.6,1.62,1.5,1.59,10.65,10.42,10.17,9.9,0.43,0.5,0.54,0.55,1.6,1.62,1.5,1.59,2014.3
10.9,0.21,1.51,0.21,1.51,0.33,0.43,0.5,0.54,1.45,1.6,1.62,1.5,10.87,10.65,10.42,10.17,0.33,0.43,0.5,0.54,1.45,1.6,1.62,1.5,2014.4
10.9,0.08,1.4,0.08,1.4,0.21,0.33,0.43,0.5,1.51,1.45,1.6,1.62,10.9,10.87,10.65,10.42,0.21,0.33,0.43,0.5,1.51,1.45,1.6,1.62,2014.5
10.9,0,1.53,0,1.53,0.08,0.21,0.33,0.43,1.4,1.51,1.45,1.6,10.9,10.9,10.87,10.65,0.08,0.21,0.33,0.43,1.4,1.51,1.45,1.6,2014.6
10.9,0,1.74,0,1.74,0,0.08,0.21,0.33,1.53,1.4,1.51,1.45,10.9,10.9,10.9,10.87,0,0.08,0.21,0.33,1.53,1.4,1.51,1.45,2014.7
10.9,0.01,1.83,0.01,1.83,0,0,0.08,0.21,1.74,1.53,1.4,1.51,10.9,10.9,10.9,10.9,0,0,0.08,0.21,1.74,1.53,1.4,1.51,2014.8
10.92,-0.02,1.88,-0.02,1.88,0.01,0,0,0.08,1.83,1.74,1.53,1.4,10.9,10.9,10.9,10.9,0.01,0,0,0.08,1.83,1.74,1.53,1.4,2014.8
11.15,-0.15,2.07,-0.15,2.07,-0.02,0.01,0,0,1.88,1.83,1.74,1.53,10.92,10.9,10.9,10.9,-0.02,0.01,0,0,1.88,1.83,1.74,1.53,2014.9
11.58,-0.41,2.11,-0.41,2.11,-0.15,-0.02,0.01,0,2.07,1.88,1.83,1.74,11.15,10.92,10.9,10.9,-0.15,-0.02,0.01,0,2.07,1.88,1.83,1.74,2015
11.82,-0.83,2.11,-0.83,2.11,-0.41,-0.15,-0.02,0.01,2.11,2.07,1.88,1.83,11.58,11.15,10.92,10.9,-0.41,-0.15,-0.02,0.01,2.11,2.07,1.88,1.83,2015.1
12.15,-1.37,2.04,-1.37,2.04,-0.83,-0.41,-0.15,-0.02,2.11,2.11,2.07,1.88,11.82,11.58,11.15,10.92,-0.83,-0.41,-0.15,-0.02,2.11,2.11,2.07,1.88,2015.2
12.58,-1.95,1.67,-1.95,1.67,-1.37,-0.83,-0.41,-0.15,2.04,2.11,2.11,2.07,12.15,11.82,11.58,11.15,-1.37,-0.83,-0.41,-0.15,2.04,2.11,2.11,2.07,2015.3
